a1:2, a3:5, m: 1, u0: 1

i: RK, Exact, inaccuracy
0: 1, 1, 0
1: 0.934582, 1, 0.0654177
2: 0.878565, 0.935422, 0.0568575
3: 0.829819, 0.879938, 0.0501189
4: 0.786841, 0.831534, 0.0446928
5: 0.748534, 0.788775, 0.0402407
6: 0.714076, 0.750606, 0.0365294
7: 0.682837, 0.71623, 0.0333936
8: 0.654323, 0.685035, 0.0307127
9: 0.628142, 0.65654, 0.0283973
10: 0.60398, 0.63036, 0.0263794
11: 0.581578, 0.606185, 0.0246067
12: 0.560723, 0.583761, 0.0230381
13: 0.541236, 0.562877, 0.0216411
14: 0.522968, 0.543358, 0.0203897
15: 0.505792, 0.525055, 0.0192628
16: 0.489599, 0.507842, 0.0182431
17: 0.474295, 0.491611, 0.0173161
18: 0.459797, 0.476268, 0.0164701
19: 0.446037, 0.461732, 0.015695
20: 0.43295, 0.447932, 0.0149824
21: 0.420482, 0.434808, 0.0143251
22: 0.408586, 0.422303, 0.013717
23: 0.397216, 0.410369, 0.0131527
24: 0.386336, 0.398964, 0.0126278
25: 0.37591, 0.388048, 0.0121383
26: 0.365907, 0.377587, 0.0116807
27: 0.356299, 0.367551, 0.011252
28: 0.347062, 0.357911, 0.0108495
29: 0.338171, 0.348642, 0.0104709
30: 0.329606, 0.33972, 0.0101141
31: 0.321348, 0.331126, 0.00977724
32: 0.31338, 0.322839, 0.0094587
33: 0.305685, 0.314842, 0.009157
34: 0.298248, 0.307119, 0.00887082
35: 0.291056, 0.299655, 0.00859897
36: 0.284097, 0.292438, 0.00834038
37: 0.277359, 0.285453, 0.00809408
38: 0.270831, 0.27869, 0.00785921
39: 0.264502, 0.272137, 0.00763496
40: 0.258365, 0.265786, 0.00742061
41: 0.25241, 0.259625, 0.00721551
42: 0.246629, 0.253648, 0.00701906
43: 0.241014, 0.247845, 0.0068307
44: 0.235559, 0.242209, 0.00664994
45: 0.230257, 0.236733, 0.00647631
46: 0.225102, 0.231411, 0.00630938
47: 0.220087, 0.226236, 0.00614877
48: 0.215208, 0.221202, 0.00599411
49: 0.210458, 0.216304, 0.00584508
50: 0.205835, 0.211536, 0.00570135
51: 0.201331, 0.206894, 0.00556265
52: 0.196944, 0.202373, 0.00542871
53: 0.19267, 0.197969, 0.00529929
54: 0.188503, 0.193677, 0.00517415
55: 0.184441, 0.189494, 0.00505308
56: 0.18048, 0.185416, 0.00493589
57: 0.176616, 0.181439, 0.00482238
58: 0.172847, 0.17756, 0.00471239
59: 0.16917, 0.173775, 0.00460575
60: 0.165581, 0.170083, 0.00450231
61: 0.162077, 0.166479, 0.00440193
62: 0.158657, 0.162961, 0.00430448
63: 0.155317, 0.159527, 0.00420982
64: 0.152056, 0.156174, 0.00411785
65: 0.14887, 0.152898, 0.00402844
66: 0.145758, 0.149699, 0.0039415
67: 0.142717, 0.146574, 0.00385693
68: 0.139746, 0.143521, 0.00377463
69: 0.136843, 0.140537, 0.00369451
70: 0.134005, 0.137621, 0.0036165
71: 0.131231, 0.134771, 0.00354052
72: 0.128518, 0.131985, 0.00346648
73: 0.125867, 0.129261, 0.00339432
74: 0.123274, 0.126598, 0.00332397
75: 0.120738, 0.123994, 0.00325537
76: 0.118259, 0.121447, 0.00318846
77: 0.115833, 0.118956, 0.00312318
78: 0.113461, 0.11652, 0.00305948
79: 0.11114, 0.114137, 0.0029973
80: 0.108869, 0.111805, 0.00293659
81: 0.106647, 0.109524, 0.00287731
82: 0.104473, 0.107293, 0.00281942
83: 0.102346, 0.105109, 0.00276286
84: 0.100264, 0.102972, 0.0027076
85: 0.0982268, 0.10088, 0.0026536
86: 0.0962327, 0.0988336, 0.00260082
87: 0.094281, 0.0968302, 0.00254922
88: 0.0923704, 0.0948692, 0.00249878
89: 0.0905002, 0.0929497, 0.00244945
90: 0.0886694, 0.0910706, 0.00240121
91: 0.086877, 0.089231, 0.00235402
92: 0.0851222, 0.08743, 0.00230786
93: 0.083404, 0.0856667, 0.0022627
94: 0.0817217, 0.0839402, 0.0022185
95: 0.0800744, 0.0822497, 0.00217526
96: 0.0784614, 0.0805943, 0.00213293
97: 0.0768818, 0.0789733, 0.0020915
98: 0.0753349, 0.0773859, 0.00205094
99: 0.07382, 0.0758313, 0.00201123
100: 0.0723364, 0.0743088, 0.00197235
101: 0.0708834, 0.0728176, 0.00193427
102: 0.0694602, 0.0713572, 0.00189699
103: 0.0680663, 0.0699268, 0.00186047
104: 0.066701, 0.0685257, 0.00182471
105: 0.0653637, 0.0671534, 0.00178967
106: 0.0640538, 0.0658091, 0.00175535
107: 0.0627706, 0.0644923, 0.00172172
108: 0.0615136, 0.0632024, 0.00168878
109: 0.0602823, 0.0619388, 0.00165649
110: 0.059076, 0.0607009, 0.00162486
111: 0.0578943, 0.0594882, 0.00159387
112: 0.0567367, 0.0583001, 0.00156349
113: 0.0556025, 0.0571362, 0.00153371
114: 0.0544913, 0.0559959, 0.00150453
115: 0.0534027, 0.0548786, 0.00147593
116: 0.0523361, 0.053784, 0.00144789
117: 0.0512912, 0.0527116, 0.00142041
118: 0.0502673, 0.0516608, 0.00139346
119: 0.0492641, 0.0506312, 0.00136705
120: 0.0482812, 0.0496224, 0.00134115
121: 0.0473182, 0.0486339, 0.00131576
122: 0.0463745, 0.0476654, 0.00129087
123: 0.0454499, 0.0467164, 0.00126646
124: 0.0445439, 0.0457864, 0.00124253
125: 0.0436561, 0.0448752, 0.00121905
126: 0.0427862, 0.0439822, 0.00119604
127: 0.0419338, 0.0431073, 0.00117347
128: 0.0410985, 0.0422498, 0.00115133
129: 0.04028, 0.0414096, 0.00112963
130: 0.0394779, 0.0405862, 0.00110834
131: 0.0386919, 0.0397793, 0.00108746
132: 0.0379217, 0.0389886, 0.00106698
133: 0.0371669, 0.0382138, 0.00104689
134: 0.0364272, 0.0374544, 0.00102719
135: 0.0357024, 0.0367102, 0.00100787
136: 0.034992, 0.0359809, 0.000988913
137: 0.0342959, 0.0352662, 0.000970321
138: 0.0336137, 0.0345658, 0.000952083
139: 0.0329452, 0.0338794, 0.000934192
140: 0.03229, 0.0332067, 0.000916643
141: 0.0316479, 0.0325474, 0.000899427
142: 0.0310187, 0.0319012, 0.000882538
143: 0.030402, 0.031268, 0.00086597
144: 0.0297976, 0.0306474, 0.000849716
145: 0.0292053, 0.0300391, 0.000833771
146: 0.0286249, 0.029443, 0.000818127
147: 0.028056, 0.0288588, 0.00080278
148: 0.0274984, 0.0282862, 0.000787723
149: 0.026952, 0.027725, 0.000772951
150: 0.0264165, 0.027175, 0.000758458
151: 0.0258917, 0.0266359, 0.000744239
152: 0.0253773, 0.0261076, 0.000730288
153: 0.0248731, 0.0255897, 0.000716601
154: 0.0243791, 0.0250822, 0.000703171
155: 0.0238948, 0.0245848, 0.000689995
156: 0.0234202, 0.0240973, 0.000677066
157: 0.0229551, 0.0236195, 0.000664382
158: 0.0224992, 0.0231511, 0.000651936
159: 0.0220524, 0.0226921, 0.000639724
160: 0.0216145, 0.0222422, 0.000627741
161: 0.0211853, 0.0218013, 0.000615984
162: 0.0207646, 0.0213691, 0.000604448
163: 0.0203523, 0.0209455, 0.000593129
164: 0.0199482, 0.0205303, 0.000582022
165: 0.0195522, 0.0201233, 0.000571124
166: 0.019164, 0.0197245, 0.00056043
167: 0.0187836, 0.0193335, 0.000549937
168: 0.0184107, 0.0189504, 0.000539641
169: 0.0180452, 0.0185748, 0.000529538
170: 0.017687, 0.0182067, 0.000519624
171: 0.017336, 0.0178459, 0.000509896
172: 0.0169919, 0.0174922, 0.000500351
173: 0.0166546, 0.0171456, 0.000490984
174: 0.0163241, 0.0168058, 0.000481793
175: 0.0160001, 0.0164728, 0.000472774
176: 0.0156825, 0.0161464, 0.000463923
177: 0.0153713, 0.0158265, 0.000455239
178: 0.0150662, 0.0155129, 0.000446717
179: 0.0147672, 0.0152056, 0.000438355
180: 0.0144742, 0.0149043, 0.000430149
181: 0.0141869, 0.014609, 0.000422097
182: 0.0139054, 0.0143196, 0.000414195
183: 0.0136295, 0.0140359, 0.000406442
184: 0.013359, 0.0137579, 0.000398833
185: 0.0130939, 0.0134853, 0.000391367
186: 0.0128341, 0.0132182, 0.00038404
187: 0.0125795, 0.0129563, 0.00037685
188: 0.0123299, 0.0126997, 0.000369795
189: 0.0120852, 0.0124481, 0.000362872
190: 0.0118454, 0.0122015, 0.000356078
191: 0.0116104, 0.0119598, 0.000349411
192: 0.01138, 0.0117229, 0.000342869
193: 0.0111543, 0.0114907, 0.000336449
194: 0.010933, 0.0112631, 0.00033015
195: 0.010716, 0.01104, 0.000323967
196: 0.0105034, 0.0108213, 0.000317901
197: 0.0102951, 0.010607, 0.000311948
198: 0.0100908, 0.0103969, 0.000306106
199: 0.00989061, 0.010191, 0.000300374
200: 0.00969439, 0.00998914, 0.000294748
201: 0.00950207, 0.00979129, 0.000289228
202: 0.00931356, 0.00959737, 0.000283811
203: 0.00912879, 0.00940729, 0.000278495
204: 0.00894769, 0.00922097, 0.000273278
205: 0.00877018, 0.00903834, 0.000268159
206: 0.0085962, 0.00885934, 0.000263136
207: 0.00842567, 0.00868388, 0.000258207
208: 0.00825852, 0.00851189, 0.000253369
209: 0.00809469, 0.00834332, 0.000248623
210: 0.00793412, 0.00817808, 0.000243964
211: 0.00777672, 0.00801612, 0.000239393
212: 0.00762245, 0.00785736, 0.000234908
213: 0.00747125, 0.00770175, 0.000230506
214: 0.00732304, 0.00754923, 0.000226186
215: 0.00717777, 0.00739972, 0.000221948
216: 0.00703539, 0.00725318, 0.000217788
217: 0.00689583, 0.00710954, 0.000213706
218: 0.00675904, 0.00696874, 0.000209701
219: 0.00662496, 0.00683073, 0.00020577
220: 0.00649355, 0.00669546, 0.000201913
221: 0.00636474, 0.00656287, 0.000198128
222: 0.00623849, 0.0064329, 0.000194414
223: 0.00611474, 0.00630551, 0.000190769
224: 0.00599345, 0.00618064, 0.000187192
225: 0.00587456, 0.00605824, 0.000183682
226: 0.00575803, 0.00593827, 0.000180238
227: 0.00564382, 0.00582067, 0.000176859
228: 0.00553187, 0.00570541, 0.000173542
229: 0.00542214, 0.00559242, 0.000170288
230: 0.00531458, 0.00548168, 0.000167094
231: 0.00520917, 0.00537313, 0.00016396
232: 0.00510584, 0.00526672, 0.000160885
233: 0.00500456, 0.00516243, 0.000157867
234: 0.00490529, 0.0050602, 0.000154905
235: 0.00480799, 0.00495999, 0.000151999
236: 0.00471263, 0.00486177, 0.000149148
237: 0.00461915, 0.0047655, 0.00014635
238: 0.00452753, 0.00467113, 0.000143604
239: 0.00443772, 0.00457863, 0.000140909
240: 0.0043497, 0.00448796, 0.000138265
241: 0.00426342, 0.00439909, 0.00013567
242: 0.00417885, 0.00431198, 0.000133124
243: 0.00409597, 0.00422659, 0.000130626
244: 0.00401472, 0.0041429, 0.000128174
245: 0.00393509, 0.00406086, 0.000125768
246: 0.00385704, 0.00398044, 0.000123408
247: 0.00378053, 0.00390162, 0.000121091
248: 0.00370555, 0.00382436, 0.000118818
249: 0.00363205, 0.00374863, 0.000116587
250: 0.00356, 0.0036744, 0.000114398
251: 0.00348939, 0.00360164, 0.00011225
252: 0.00342018, 0.00353032, 0.000110143
253: 0.00335234, 0.00346042, 0.000108074
254: 0.00328585, 0.00339189, 0.000106045
255: 0.00322067, 0.00332473, 0.000104053
256: 0.00315679, 0.00325889, 0.000102099
257: 0.00309418, 0.00319436, 0.000100181
258: 0.00303281, 0.00313111, 9.82995e-05
259: 0.00297265, 0.0030691, 9.6453e-05
260: 0.00291369, 0.00300833, 9.46411e-05
261: 0.0028559, 0.00294876, 9.28632e-05
262: 0.00279925, 0.00289037, 9.11185e-05
263: 0.00274373, 0.00283313, 8.94065e-05
264: 0.00268931, 0.00277703, 8.77266e-05
265: 0.00263597, 0.00272204, 8.60782e-05
266: 0.00258368, 0.00266814, 8.44606e-05
267: 0.00253244, 0.00261531, 8.28734e-05
268: 0.00248221, 0.00256352, 8.13159e-05
269: 0.00243297, 0.00251276, 7.97876e-05
270: 0.00238472, 0.002463, 7.82879e-05
271: 0.00233742, 0.00241423, 7.68163e-05
272: 0.00229105, 0.00236643, 7.53724e-05
273: 0.00224561, 0.00231957, 7.39554e-05
274: 0.00220107, 0.00227364, 7.25651e-05
275: 0.00215741, 0.00222861, 7.12008e-05
276: 0.00211462, 0.00218448, 6.98621e-05
277: 0.00207268, 0.00214123, 6.85485e-05
278: 0.00203157, 0.00209883, 6.72595e-05
279: 0.00199127, 0.00205727, 6.59947e-05
280: 0.00195178, 0.00201653, 6.47536e-05
281: 0.00191307, 0.0019766, 6.35357e-05
282: 0.00187512, 0.00193746, 6.23407e-05
283: 0.00183793, 0.0018991, 6.11682e-05
284: 0.00180147, 0.00186149, 6.00176e-05
285: 0.00176574, 0.00182463, 5.88886e-05
286: 0.00173072, 0.0017885, 5.77808e-05
287: 0.00169639, 0.00175309, 5.66937e-05
288: 0.00166275, 0.00171837, 5.56271e-05
289: 0.00162977, 0.00168435, 5.45804e-05
290: 0.00159744, 0.00165099, 5.35534e-05
291: 0.00156576, 0.0016183, 5.25457e-05
292: 0.0015347, 0.00158626, 5.15569e-05
293: 0.00150426, 0.00155485, 5.05866e-05
294: 0.00147442, 0.00152406, 4.96346e-05
295: 0.00144518, 0.00149388, 4.87004e-05
296: 0.00141652, 0.0014643, 4.77837e-05
297: 0.00138842, 0.0014353, 4.68843e-05
298: 0.00136088, 0.00140688, 4.60017e-05
299: 0.00133389, 0.00137902, 4.51357e-05
300: 0.00130743, 0.00135172, 4.4286e-05
301: 0.0012815, 0.00132495, 4.34522e-05
302: 0.00125608, 0.00129872, 4.26341e-05
303: 0.00123117, 0.001273, 4.18313e-05
304: 0.00120675, 0.00124779, 4.10436e-05
305: 0.00118281, 0.00122308, 4.02707e-05
306: 0.00115935, 0.00119887, 3.95124e-05
307: 0.00113636, 0.00117513, 3.87682e-05
308: 0.00111382, 0.00115186, 3.8038e-05
309: 0.00109173, 0.00112905, 3.73216e-05
310: 0.00107007, 0.00110669, 3.66186e-05
311: 0.00104885, 0.00108478, 3.59288e-05
312: 0.00102805, 0.0010633, 3.5252e-05
313: 0.00100766, 0.00104224, 3.45879e-05
314: 0.000987669, 0.00102161, 3.39362e-05
315: 0.000968079, 0.00100138, 3.32969e-05
316: 0.000948878, 0.000981547, 3.26695e-05
317: 0.000930057, 0.000962111, 3.20539e-05
318: 0.00091161, 0.00094306, 3.14499e-05
319: 0.000893529, 0.000924386, 3.08572e-05
320: 0.000875807, 0.000906082, 3.02757e-05
321: 0.000858436, 0.000888141, 2.97051e-05
322: 0.000841409, 0.000870554, 2.91452e-05
323: 0.00082472, 0.000853316, 2.85959e-05
324: 0.000808362, 0.000836419, 2.80568e-05
325: 0.000792329, 0.000819857, 2.7528e-05
326: 0.000776614, 0.000803623, 2.7009e-05
327: 0.00076121, 0.00078771, 2.64998e-05
328: 0.000746112, 0.000772112, 2.60002e-05
329: 0.000731313, 0.000756823, 2.551e-05
330: 0.000716808, 0.000741837, 2.5029e-05
331: 0.000702591, 0.000727148, 2.4557e-05
332: 0.000688655, 0.000712749, 2.4094e-05
333: 0.000674996, 0.000698636, 2.36396e-05
334: 0.000661608, 0.000684802, 2.31938e-05
335: 0.000648486, 0.000671242, 2.27564e-05
336: 0.000635623, 0.00065795, 2.23271e-05
337: 0.000623016, 0.000644922, 2.1906e-05
338: 0.000610659, 0.000632152, 2.14928e-05
339: 0.000598547, 0.000619634, 2.10874e-05
340: 0.000586675, 0.000607365, 2.06896e-05
341: 0.000575039, 0.000595338, 2.02992e-05
342: 0.000563633, 0.00058355, 1.99163e-05
343: 0.000552454, 0.000571995, 1.95405e-05
344: 0.000541496, 0.000560668, 1.91718e-05
345: 0.000530756, 0.000549566, 1.88101e-05
346: 0.000520229, 0.000538684, 1.84551e-05
347: 0.000509911, 0.000528017, 1.81068e-05
348: 0.000499797, 0.000517562, 1.77651e-05
349: 0.000489884, 0.000507314, 1.74298e-05
350: 0.000480167, 0.000497268, 1.71009e-05
351: 0.000470643, 0.000487422, 1.67781e-05
352: 0.000461309, 0.00047777, 1.64614e-05
353: 0.000452159, 0.000468309, 1.61507e-05
354: 0.000443191, 0.000459036, 1.58458e-05
355: 0.0004344, 0.000449947, 1.55467e-05
356: 0.000425784, 0.000441037, 1.52531e-05
357: 0.000417339, 0.000432304, 1.49652e-05
358: 0.000409061, 0.000423744, 1.46826e-05
359: 0.000400948, 0.000415353, 1.44054e-05
360: 0.000392995, 0.000407129, 1.41334e-05
361: 0.000385201, 0.000399067, 1.38665e-05
362: 0.00037756, 0.000391165, 1.36046e-05
363: 0.000370072, 0.000383419, 1.33477e-05
364: 0.000362732, 0.000375827, 1.30956e-05
365: 0.000355537, 0.000368385, 1.28483e-05
366: 0.000348485, 0.000361091, 1.26056e-05
367: 0.000341573, 0.000353941, 1.23675e-05
368: 0.000334798, 0.000346932, 1.21338e-05
369: 0.000328158, 0.000340062, 1.19046e-05
370: 0.000321649, 0.000333329, 1.16797e-05
371: 0.000315269, 0.000326728, 1.14591e-05
372: 0.000309016, 0.000320259, 1.12426e-05
373: 0.000302887, 0.000313917, 1.10302e-05
374: 0.000296879, 0.000307701, 1.08217e-05
375: 0.000290991, 0.000301608, 1.06173e-05
376: 0.000285219, 0.000295636, 1.04166e-05
377: 0.000279562, 0.000289782, 1.02198e-05
378: 0.000274017, 0.000284044, 1.00266e-05
379: 0.000268582, 0.00027842, 9.83713e-06
380: 0.000263255, 0.000272906, 9.65121e-06
381: 0.000258034, 0.000267503, 9.46879e-06
382: 0.000252916, 0.000262206, 9.28981e-06
383: 0.000247899, 0.000257014, 9.11421e-06
384: 0.000242983, 0.000251924, 8.94192e-06
385: 0.000238163, 0.000246936, 8.77287e-06
386: 0.000233439, 0.000242046, 8.60702e-06
387: 0.000228809, 0.000237253, 8.44429e-06
388: 0.000224271, 0.000232556, 8.28464e-06
389: 0.000219823, 0.000227951, 8.12799e-06
390: 0.000215463, 0.000223437, 7.9743e-06
391: 0.000211189, 0.000219013, 7.82351e-06
392: 0.000207, 0.000214676, 7.67556e-06
393: 0.000202895, 0.000210425, 7.53041e-06
394: 0.00019887, 0.000206258, 7.38799e-06
395: 0.000194926, 0.000202174, 7.24827e-06
396: 0.00019106, 0.000198171, 7.11117e-06
397: 0.00018727, 0.000194247, 6.97667e-06
398: 0.000183556, 0.0001904, 6.8447e-06
399: 0.000179915, 0.00018663, 6.71523e-06
400: 0.000176346, 0.000182935, 6.58819e-06
401: 0.000172849, 0.000179312, 6.46356e-06
402: 0.00016942, 0.000175762, 6.34128e-06
403: 0.00016606, 0.000172281, 6.2213e-06
404: 0.000162766, 0.00016887, 6.10359e-06
405: 0.000159538, 0.000165526, 5.9881e-06
406: 0.000156374, 0.000162248, 5.8748e-06
407: 0.000153272, 0.000159036, 5.76363e-06
408: 0.000150232, 0.000155887, 5.65456e-06
409: 0.000147252, 0.0001528, 5.54755e-06
410: 0.000144332, 0.000149774, 5.44256e-06
411: 0.000141469, 0.000146809, 5.33955e-06
412: 0.000138663, 0.000143902, 5.23849e-06
413: 0.000135913, 0.000141052, 5.13934e-06
414: 0.000133217, 0.000138259, 5.04206e-06
415: 0.000130575, 0.000135521, 4.94662e-06
416: 0.000127985, 0.000132838, 4.85298e-06
417: 0.000125446, 0.000130207, 4.76111e-06
418: 0.000122958, 0.000127629, 4.67097e-06
419: 0.000120519, 0.000125102, 4.58254e-06
420: 0.000118129, 0.000122625, 4.49577e-06
421: 0.000115786, 0.000120197, 4.41065e-06
422: 0.000113489, 0.000117817, 4.32713e-06
423: 0.000111238, 0.000115484, 4.2452e-06
424: 0.000109032, 0.000113197, 4.16481e-06
425: 0.00010687, 0.000110955, 4.08594e-06
426: 0.00010475, 0.000108758, 4.00856e-06
427: 0.000102672, 0.000106605, 3.93264e-06
428: 0.000100636, 0.000104494, 3.85816e-06
429: 9.86397e-05, 0.000102425, 3.78508e-06
430: 9.66833e-05, 0.000100397, 3.71339e-06
431: 9.47656e-05, 9.84087e-05, 3.64305e-06
432: 9.2886e-05, 9.64601e-05, 3.57404e-06
433: 9.10437e-05, 9.455e-05, 3.50633e-06
434: 8.92379e-05, 9.26778e-05, 3.43991e-06
435: 8.74679e-05, 9.08427e-05, 3.37474e-06
436: 8.57331e-05, 8.90439e-05, 3.3108e-06
437: 8.40326e-05, 8.72807e-05, 3.24807e-06
438: 8.23659e-05, 8.55524e-05, 3.18653e-06
439: 8.07322e-05, 8.38584e-05, 3.12615e-06
440: 7.91309e-05, 8.21978e-05, 3.06691e-06
441: 7.75614e-05, 8.05702e-05, 3.0088e-06
442: 7.6023e-05, 7.89748e-05, 2.95178e-06
443: 7.45152e-05, 7.7411e-05, 2.89584e-06
444: 7.30372e-05, 7.58782e-05, 2.84095e-06
445: 7.15886e-05, 7.43757e-05, 2.78711e-06
446: 7.01687e-05, 7.29029e-05, 2.73428e-06
447: 6.87769e-05, 7.14594e-05, 2.68246e-06
448: 6.74128e-05, 7.00444e-05, 2.63161e-06
449: 6.60757e-05, 6.86574e-05, 2.58173e-06
450: 6.47651e-05, 6.72979e-05, 2.53279e-06
451: 6.34805e-05, 6.59653e-05, 2.48477e-06
452: 6.22215e-05, 6.46591e-05, 2.43766e-06
453: 6.09873e-05, 6.33788e-05, 2.39145e-06
454: 5.97777e-05, 6.21238e-05, 2.34611e-06
455: 5.8592e-05, 6.08937e-05, 2.30162e-06
456: 5.74299e-05, 5.96879e-05, 2.25798e-06
457: 5.62908e-05, 5.8506e-05, 2.21517e-06
458: 5.51743e-05, 5.73475e-05, 2.17316e-06
459: 5.408e-05, 5.62119e-05, 2.13195e-06
460: 5.30073e-05, 5.50989e-05, 2.09152e-06
461: 5.1956e-05, 5.40078e-05, 2.05186e-06
462: 5.09255e-05, 5.29384e-05, 2.01294e-06
463: 4.99154e-05, 5.18902e-05, 1.97476e-06
464: 4.89254e-05, 5.08627e-05, 1.93731e-06
465: 4.7955e-05, 4.98555e-05, 1.90056e-06
466: 4.70038e-05, 4.88683e-05, 1.86451e-06
467: 4.60715e-05, 4.79007e-05, 1.82914e-06
468: 4.51577e-05, 4.69522e-05, 1.79444e-06
469: 4.4262e-05, 4.60224e-05, 1.7604e-06
470: 4.33841e-05, 4.51111e-05, 1.727e-06
471: 4.25236e-05, 4.42179e-05, 1.69424e-06
472: 4.16802e-05, 4.33423e-05, 1.66209e-06
473: 4.08535e-05, 4.24841e-05, 1.63056e-06
474: 4.00432e-05, 4.16428e-05, 1.59962e-06
475: 3.9249e-05, 4.08182e-05, 1.56926e-06
476: 3.84705e-05, 4.001e-05, 1.53949e-06
477: 3.77075e-05, 3.92177e-05, 1.51027e-06
478: 3.69596e-05, 3.84412e-05, 1.48161e-06
479: 3.62265e-05, 3.768e-05, 1.45349e-06
480: 3.5508e-05, 3.69339e-05, 1.42591e-06
481: 3.48037e-05, 3.62025e-05, 1.39884e-06
482: 3.41134e-05, 3.54857e-05, 1.37229e-06
483: 3.34368e-05, 3.4783e-05, 1.34625e-06
484: 3.27736e-05, 3.40943e-05, 1.32069e-06
485: 3.21235e-05, 3.34191e-05, 1.29562e-06
486: 3.14864e-05, 3.27574e-05, 1.27103e-06
487: 3.08619e-05, 3.21088e-05, 1.2469e-06
488: 3.02497e-05, 3.1473e-05, 1.22323e-06
489: 2.96498e-05, 3.08498e-05, 1.2e-06
490: 2.90617e-05, 3.02389e-05, 1.17722e-06
491: 2.84853e-05, 2.96401e-05, 1.15487e-06
492: 2.79203e-05, 2.90532e-05, 1.13294e-06
493: 2.73665e-05, 2.84779e-05, 1.11143e-06
494: 2.68237e-05, 2.7914e-05, 1.09033e-06
495: 2.62917e-05, 2.73613e-05, 1.06962e-06
496: 2.57702e-05, 2.68195e-05, 1.04931e-06
497: 2.52591e-05, 2.62884e-05, 1.02938e-06
498: 2.47581e-05, 2.57679e-05, 1.00983e-06
499: 2.4267e-05, 2.52576e-05, 9.90653e-07
